AgKTe 105 152 2.26 0.508 1.0
BeNaP 302 436 2.05 4.08 5.3
BiBaK 95 137 1.94 2.19 1.59
BiKSr 99 143 1.96 1.96 1.45
BiLiSr 126 182 1.94 3.04 2.48
CoAsZr 306 442 2.14 24.0 17.51
CoBiHf 204 294 2.17 18.6 10.43
CoSbZr 231 333 3.00 25.0 4.69
CoScSe 230 331 2.09 15.0 6.64
CoSiTa 296 427 1.92 37.8 23.06
FeNbP 343 495 1.94 109.0 23.79
GeCaZn 197 284 2.05 2.75 4.53
GeNaY 189 273 2.04 8.06 4.28
LiBaSr 88 127 1.30 0.582 1.84
IrPTi 309 446 2.18 27.4 20.25
NiPbTi 205 296 2.20 109.0 7.35
NiSbSc 232 334 2.03 19.5 9.13
NiSnTi 249 359 2.06 17.9 10.7
NiSnZr 229 330 2.06 19.6 10.22
OsSbTa 227 328 2.14 29.6 16.62
PdAsY 230 332 2.17 5.48 9.43
PdSrTe 130 188 2.13 1.16 2.44
PtGaTa 242 349 2.19 32.9 16.78
PtGeTi 263 379 2.23 16.9 14.41
PtLaNb 140 202 2.69 16.5 2.2
RhHfSb 232 335 2.18 21.8 14.06
RhNbSi 345 497 2.09 15.3 26.15
RuAsV 334 482 2.19 23.5 21.37
SbCaK 141 203 1.92 2.70 2.47
SiCdSr 168 242 2.05 13.5 3.79
SnBaSr 114 165 1.71 2.01 3.19
TeAgLi 166 239 2.32 1.52 2.7